       RelativeHumiditySurface  SolarRadiation  Surfacepressure  \
count               375.000000    3.750000e+02     3.750000e+02   
mean                 79.416767    6.266453e+06     2.431389e+06   
std                  12.788151    6.257229e+06     2.469133e+04   
min                  42.032722    0.000000e+00     2.345512e+06   
25%                  70.796357    9.855870e+05     2.418276e+06   
50%                  81.800097    3.804980e+06     2.433512e+06   
75%                  89.602715    1.126010e+07     2.447746e+06   
max                  98.725621    2.310146e+07     2.496576e+06   

       TemperatureAboveGround  Totalprecipitation     UVIndex   WindSpeed  
count              375.000000          375.000000  375.000000  375.000000  
mean               283.575273            0.002437   14.289152    3.923223  
std                  6.345792            0.003677   13.376348    1.729015  
min                266.355290            0.000000    0.000000    0.981370  
25%                278.909661            0.000028    1.480367    2.712211  
50%                283.159970            0.000678   10.225131    3.564867  
75%                287.986189            0.003319   24.721204    4.918755  
max                299.888646            0.024162   44.120419   10.546750  