       RelativeHumiditySurface  SolarRadiation  Surfacepressure  \
count               375.000000    3.750000e+02     3.750000e+02   
mean                 78.908481    6.671526e+06     2.432876e+06   
std                  11.338088    6.414083e+06     2.485555e+04   
min                  44.711160    9.534137e+00     2.345488e+06   
25%                  70.491582    1.114724e+06     2.419602e+06   
50%                  81.067596    4.188591e+06     2.435774e+06   
75%                  87.555886    1.216176e+07     2.449405e+06   
max                  96.628660    2.273370e+07     2.495746e+06   

       TemperatureAboveGround  Totalprecipitation     UVIndex   WindSpeed  
count              375.000000          375.000000  375.000000  375.000000  
mean               284.185822            0.002587   14.520912    5.046831  
std                  6.228080            0.003798   13.704944    2.108648  
min                267.411896            0.000000    0.000000    1.411498  
25%                279.726250            0.000051    1.966667    3.476135  
50%                283.767866            0.000862   10.078261    4.763309  
75%                288.828890            0.003912   24.752174    6.302657  
max                299.367696            0.020123   45.443478   12.723370  