       RelativeHumiditySurface  SolarRadiation  Surfacepressure  \
count               375.000000    3.750000e+02     3.750000e+02   
mean                 80.581223    6.832830e+06     2.432905e+06   
std                  10.594603    6.456950e+06     2.534769e+04   
min                  49.328668    3.355634e+01     2.346767e+06   
25%                  73.454188    1.087885e+06     2.418713e+06   
50%                  81.811979    4.381463e+06     2.435373e+06   
75%                  88.810672    1.229979e+07     2.449836e+06   
max                  98.080816    2.298980e+07     2.497787e+06   

       TemperatureAboveGround  Totalprecipitation     UVIndex   WindSpeed  
count              375.000000          375.000000  375.000000  375.000000  
mean               283.750660            0.002658   14.669906    5.353448  
std                  6.077639            0.003843   13.711503    2.220554  
min                267.938936            0.000000    0.000000    1.581205  
25%                279.295195            0.000077    1.397670    3.716125  
50%                283.176925            0.000945   10.732113    5.046083  
75%                288.305181            0.003857   25.410150    6.657643  
max                299.341938            0.021592   44.247920   13.656656  