       RelativeHumiditySurface  SolarRadiation  Surfacepressure  \
count               375.000000    3.750000e+02     3.750000e+02   
mean                 76.768904    6.518898e+06     2.429479e+06   
std                  13.614232    6.368007e+06     2.411614e+04   
min                  39.534354    1.658229e+01     2.341626e+06   
25%                  67.224695    1.091865e+06     2.416660e+06   
50%                  78.827389    4.229381e+06     2.432720e+06   
75%                  88.026825    1.138902e+07     2.445344e+06   
max                  97.665510    2.287454e+07     2.490805e+06   

       TemperatureAboveGround  Totalprecipitation     UVIndex   WindSpeed  
count              375.000000          375.000000  375.000000  375.000000  
mean               284.363735            0.002357   14.894501    3.715301  
std                  6.493665            0.003481   13.722062    1.663551  
min                266.804191            0.000000    0.000000    0.720075  
25%                279.815315            0.000036    2.097811    2.487955  
50%                284.377766            0.000770   10.398085    3.460722  
75%                288.921303            0.003384   25.430917    4.658786  
max                300.197852            0.020088   46.222982   10.512546  