       RelativeHumiditySurface  SolarRadiation  Surfacepressure  \
count               375.000000    3.750000e+02     3.750000e+02   
mean                 79.494959    6.562834e+06     2.432856e+06   
std                  11.391282    6.325625e+06     2.503873e+04   
min                  44.714228    6.330600e-02     2.347650e+06   
25%                  71.540762    1.017532e+06     2.419272e+06   
50%                  81.909254    4.345962e+06     2.435519e+06   
75%                  88.336285    1.169048e+07     2.449514e+06   
max                  97.968634    2.314420e+07     2.499047e+06   

       TemperatureAboveGround  Totalprecipitation     UVIndex   WindSpeed  
count              375.000000          375.000000  375.000000  375.000000  
mean               283.611048            0.002523   14.950438    4.534677  
std                  6.165757            0.003692   13.876200    1.901983  
min                267.721661            0.000000    0.000000    1.307631  
25%                279.000977            0.000053    1.922652    3.167991  
50%                283.071494            0.000790   10.627072    4.257194  
75%                288.065648            0.003568   25.907459    5.516085  
max                299.796884            0.023652   45.011050   12.517392  