       RelativeHumiditySurface  SolarRadiation  Surfacepressure  \
count               375.000000    3.750000e+02     3.750000e+02   
mean                 74.373276    6.891932e+06     2.416571e+06   
std                  13.916472    6.477619e+06     2.318869e+04   
min                  37.385233    2.001801e+02     2.327900e+06   
25%                  64.555403    1.063816e+06     2.405998e+06   
50%                  76.418087    4.841913e+06     2.419216e+06   
75%                  85.562297    1.177954e+07     2.431889e+06   
max                  97.558540    2.319725e+07     2.472924e+06   

       TemperatureAboveGround  Totalprecipitation     UVIndex   WindSpeed  
count              375.000000          375.000000  375.000000  375.000000  
mean               284.774460            0.002292   17.433584    3.558000  
std                  6.623453            0.003576   15.313216    1.642491  
min                266.629929            0.000000    0.000000    0.758137  
25%                280.180223            0.000025    3.413235    2.291036  
50%                284.960805            0.000729   13.964706    3.232953  
75%                289.683939            0.002949   30.685294    4.478891  
max                300.746115            0.018571   47.961765   11.032047  