       RelativeHumiditySurface  SolarRadiation  Surfacepressure  \
count               375.000000    3.750000e+02     3.750000e+02   
mean                 75.425384    6.797528e+06     2.430614e+06   
std                  14.023560    6.476599e+06     2.390978e+04   
min                  38.072630    3.525031e+02     2.341226e+06   
25%                  64.591003    1.002491e+06     2.418798e+06   
50%                  78.162632    4.547077e+06     2.433765e+06   
75%                  86.796958    1.195719e+07     2.446571e+06   
max                  98.367999    2.310563e+07     2.488409e+06   

       TemperatureAboveGround  Totalprecipitation     UVIndex   WindSpeed  
count              375.000000          375.000000  375.000000  375.000000  
mean               284.809717            0.002313   15.966274    3.712030  
std                  6.500266            0.003561   14.357238    1.664139  
min                267.488744            0.000000    0.000000    0.723382  
25%                280.289517            0.000023    2.720386    2.420736  
50%                284.963702            0.000714   12.267218    3.444083  
75%                289.575275            0.003010   28.028925    4.660967  
max                301.171134            0.021972   47.951791   10.903874  