       RelativeHumiditySurface  SolarRadiation  Surfacepressure  \
count               375.000000    3.750000e+02     3.750000e+02   
mean                 78.383606    7.102685e+06     2.433321e+06   
std                  10.509670    6.624488e+06     2.520299e+04   
min                  46.744125    2.549500e+02     2.345458e+06   
25%                  71.773982    1.241760e+06     2.419733e+06   
50%                  80.102683    4.794912e+06     2.436508e+06   
75%                  86.487030    1.266298e+07     2.450083e+06   
max                  96.740818    2.274177e+07     2.495297e+06   

       TemperatureAboveGround  Totalprecipitation     UVIndex   WindSpeed  
count              375.000000          375.000000  375.000000  375.000000  
mean               284.382543            0.002615   15.827877    5.714391  
std                  5.994808            0.003745   14.562729    2.409480  
min                268.834473            0.000000    0.000000    1.749489  
25%                280.077382            0.000068    2.195403    3.801101  
50%                284.013501            0.000940   11.785441    5.430340  
75%                288.870052            0.003759   28.075671    7.210740  
max                299.647813            0.020623   46.576628   13.771049  