       RelativeHumiditySurface  SolarRadiation  Surfacepressure  \
count               375.000000    3.750000e+02     3.750000e+02   
mean                 77.760442    6.333692e+06     2.430258e+06   
std                  13.278215    6.300889e+06     2.433390e+04   
min                  41.729526    0.000000e+00     2.343558e+06   
25%                  68.784223    1.020659e+06     2.416902e+06   
50%                  80.518662    3.961822e+06     2.433180e+06   
75%                  88.547906    1.125483e+07     2.446390e+06   
max                  98.944014    2.307845e+07     2.493854e+06   

       TemperatureAboveGround  Totalprecipitation     UVIndex   WindSpeed  
count              375.000000          375.000000  375.000000  375.000000  
mean               283.910144            0.002393   14.156414    3.753744  
std                  6.428389            0.003466   13.345881    1.647444  
min                266.185054            0.000000    0.000000    0.814045  
25%                279.270771            0.000038    1.677355    2.556571  
50%                283.514299            0.000775   10.410822    3.489070  
75%                288.373590            0.003677   24.088176    4.670558  
max                299.973803            0.020932   45.675351   10.061991  