       RelativeHumiditySurface  SolarRadiation  Surfacepressure  \
count               375.000000    3.750000e+02     3.750000e+02   
mean                 76.756915    6.703220e+06     2.432791e+06   
std                  12.752694    6.466021e+06     2.451997e+04   
min                  38.790448    4.461053e+01     2.344249e+06   
25%                  67.963836    1.145590e+06     2.419892e+06   
50%                  79.715285    4.281080e+06     2.436051e+06   
75%                  86.819522    1.158252e+07     2.449282e+06   
max                  96.768322    2.283440e+07     2.493421e+06   

       TemperatureAboveGround  Totalprecipitation     UVIndex   WindSpeed  
count              375.000000          375.000000  375.000000  375.000000  
mean               284.568463            0.002347   15.745269    4.318328  
std                  6.303332            0.003430   14.415250    1.908768  
min                268.020672            0.000000    0.000000    0.987809  
25%                280.161000            0.000026    2.235808    2.928603  
50%                284.654022            0.000693   11.624454    4.034716  
75%                289.026746            0.003334   27.884279    5.440384  
max                300.365936            0.017669   46.013100   11.780786  