       RelativeHumiditySurface  SolarRadiation  Surfacepressure  \
count               375.000000    3.750000e+02     3.750000e+02   
mean                 77.495871    7.345789e+06     2.433816e+06   
std                  12.110315    6.820236e+06     2.439072e+04   
min                  43.105599    4.669573e+02     2.342756e+06   
25%                  68.950189    1.142749e+06     2.421816e+06   
50%                  79.488032    4.702155e+06     2.437827e+06   
75%                  86.782350    1.277007e+07     2.450132e+06   
max                  97.896098    2.345213e+07     2.491384e+06   

       TemperatureAboveGround  Totalprecipitation     UVIndex   WindSpeed  
count              375.000000          375.000000  375.000000  375.000000  
mean               284.920125            0.002450   17.776105    5.376830  
std                  5.985378            0.003687   15.932528    2.240230  
min                268.656044            0.000000    0.000000    1.586386  
25%                280.723674            0.000013    3.262918    3.596561  
50%                284.711623            0.000723   13.656535    5.106016  
75%                289.398372            0.003417   31.212766    6.850760  
max                300.459016            0.023132   48.000000   13.778154  