       RelativeHumiditySurface  SolarRadiation  Surfacepressure  \
count               375.000000    3.750000e+02     3.750000e+02   
mean                 77.362606    7.095527e+06     2.433884e+06   
std                  12.350311    6.656876e+06     2.464403e+04   
min                  40.203570    5.929329e+02     2.344360e+06   
25%                  69.785249    1.153543e+06     2.420746e+06   
50%                  79.919295    4.833279e+06     2.437720e+06   
75%                  86.644043    1.234234e+07     2.450331e+06   
max                  98.555549    2.305811e+07     2.492535e+06   

       TemperatureAboveGround  Totalprecipitation     UVIndex   WindSpeed  
count              375.000000          375.000000  375.000000  375.000000  
mean               284.741048            0.002433   17.077866    5.082563  
std                  6.150267            0.003467   15.473115    2.165810  
min                268.013517            0.000000    0.000000    1.397397  
25%                280.359106            0.000029    2.681128    3.414457  
50%                284.647569            0.000870   13.036876    4.768303  
75%                289.251031            0.003393   30.941432    6.487934  
max                300.271891            0.020863   47.984816   12.953733  